579485
1693962993
58135005
10
58129162
19197792
413
18944151
115812028
38675681
1693962993
1865569142
858
1467861006
5890967719
10
48515247
1745735
3057
573096204
10943687
216118521
1684028933
334302094
24
334749378
312631848
685
382531829
463487012
10
463557475
1270806
115
3450873916
32590502
532
2422660
39947270
352
39947270
660374634
14
8299887
1406521795
178
27490294
33523876
413
816839374
3346131883
221
114245843
2384699912
29
123625029
1888463
8713
18827004
122934029
996
122941783
5781700
15
80828448
1839572
9810
1318759895
150002097
221
2958958111
8420594
248
1111
9536663114
2843
994700441
115812028
328
1883546182
463487012
411
210900506
5961490
19324
890973384
649411591
6472
5464529
1496908876
