17217
1613443281
2958471265
735
890973384
392448810
3540
150002097
4315026338
178
1612828978
2695485222
1607
1613443281
2603203574
301686
95874626
4745773
111855
93912601
124534439
339
124534439
21674244
10914
11330753926
1397284651
9159
1990455951
383483292
11
2939470543
392575
19
13800421
640025
220
8357079
1534958605
50133
918040795
2958958111
455
67592
923284517
1
918040795
146651812
1738
96182151
8875832
76
20899391653
698396
10
3444604
26486202
1224
1193308874
181591910
178
181284965
1397284651
320
34590374
3281534685
997
1265903817
4011285649
1348
6384869066
19189242
