39
28963993
25128985
62
25187210
5312885
0
15242776
2593729
163
79431739
4645217535
41382
72767929
377075600
126507
203683683
1508921670
195581
757183517
168517477
235
112641847
11482185
804
36681679
160313632
1090
53519317
72237317
20
1871142517
125584
2773
380152987
160429111
2957
560453451
757183517
7490
58088157
1139576
10
205194168
10900571
19598
249852117
11891827
616
62164941
334302094
477
1751190344
165741534
9
18071585
54661547
435
268827147
37231129
238042
86969263
4383177480
442
4276396859
137578
2008
138969
8259320181
626
3120437970
309337317
33461
449470727
160248393
9395135
508223573
11544055445
93
19749941346
46573252
17579
13708128
3651775141
41749
2876093982
437804719
61924
4269785080
773981748
691
421273895
18759700
7154045
10593961
3802390752
443485046
1857669873
3778378349
13461
1857669873
147967850
174209
2029765968
2530582879
39
148758282
160313632
1788
89644654
138969
8
137578
1415545271
23079
399804443
1414341714
394
891253821
40060832
58492
406587719
26900494
1244
933131178
147060001
27598
59736067
11728588263
273
2326112605
46717083
70011
774548940
3909135971
15337
258347714
160248393
453
488620707
120346001
1
120929585
12615454
752
91169863
21583999
34
21586052
1433966182
1
17545441
186282096
88
14222024
2816486
1159
46592280
451746535
17997
63607220
4645217535
35495
3156551966
124895924
356882
310917624
3076299980
36764
18998962
11728588263
