644
6690270
229936367
1174
1690353197
392722647
5057
8601528
4505401556
375
10711770
756118
2160
12491246
4374392514
282
53934985
293008
185
194891131
16951065
435
1043197076
1682724814
1181
1426025883
491732586
73034
1748852616
4315026338
19787
2603494
20990821
371
9152053
306816954
41531
2608418402
3224222286
57831
26619165
20894008396
154
39414660
46372
55
46300
4400235
1336
3779737308
1749014094
133
1384612
3313196721
2
188691470
213258
1
120878698
5105377
770
5018743
4505401556
10074
9152053
491237263
707
7093124
300948148
11252
966639779
740094760
144
253742616
84426577
31302
3238100088
178043679
854
178050335
14169706
8544
450257647
13584773
48
196218108
38900587
179
39440063
116122
10069
9161002
491585044
318042
3616631693
4505401556
2
19123128
213378
4
1370026841
6851
3632
90448813
4374392514
1567
222544516
2010661517
12700477
19815257672
855391982
5
407703754
73014
703
722970156
324495022
10
32433749
151202064
135
30430568
117022575
5106
117022575
10870422
1832
10548238
622529253
