2
434
193
10694
502
117494
1276
747342
32
2037653
207
2518310
1
391
73194
11034
83700
82
837
2888
286
89
26591
26614
3067
541
1836464
6
7
66582
156
2
48202
657
600
25136
573
907
19
5064
1231
221
391
199807
2283748
509
1387
824
105
24739
52029
3260
1836464
35359
2932
47
223
193
14
40
22
2519025
1374
526
121637
318163
7
5786
551
14
678
678
265920
32248
119
132412
4398054
2374
6807
8958422
1121093
4
226
219
765
2642992
451
28016
34
142
14461
105029
4
8
231
13483
562
518
1455
390
179
2147
2408
215966
1303
481
64488
271445195
22013920
4
59848144
260
133
1778
272
162
353
4
1947
1027865
263297072
2298
54
114
1290
1299
4
431
2518889
1561
10
2661
1814395
3414
33332639
928
51
240
13364403
124478
2518310
1027861
97096
859
471908
382
350291
352
782433
16176
495117
1422389
401
18731879
18627
2899
2894
2
666723
717
1
3
1419
775
9524177
1721
15915
2662
20240
12481
474
179719
495117
30
1445868
31
25740
50
186
25208
180
48746
18
2518889
56839
33475
635
303
9
6876791
104637
175
117918
336
91048
674335
193
17597
542
7344
181271
417069
19856
5
19
612076
211579
307159
1203
55
7661
49776728
752
192
198
95
10821
472
23815
2688
19
305526
446
9
795
2031
1017
85086
307
72609
8083
7
1101096
1120071
2519025
31910
9772535
2518889
8599
6
1552
382
42391
230
6
6
182
460
159
27
12
508
1793566
256
256
2519025
27
32
32
2518235
1854407
698
2314
93
95180959
3947
29
24
2518235
120622880
610964
16942440
154
257
46
59
15805
1278
128197
104778
1376
4656076
195
36450
408410
493
67
20744
189
44258
12189
674335
1814717
848
2205
298
60977
385
7
920289
724
1642
9060754
45882
58270
158
126
3388431
22
5445
20556
17272
8606
1738978
12329250
482955
683
340
957
335
7
355
167
21745780
16962836
27599
72012
136
20
83
20819183
1975
19305778
675
753
26157
219
6133
42
56264
16
452
1188
738
280
74
61717
85
19580
17
1175693
45
313
1145194
517
731
54
94338
84253
39754095
207
111
927
1597
37
237878
6
249
572
53304
61951
9844
5
151
7937
990
990
197
1035
51
5
19553
4
1851
539
418
745
475
14
3555
153
293
36759
378
21827
1923
845023
1838
1498
229
183081
942
197
250380
1198
195
2277
58071
57
102313402
238
134
610
366
366
49095
233524
249555
233
110504939
132212
21
332
81211
209
328
237878
2513
4
191
87947
273198683
349
1389
344
837
5
214
13
2038
4
115721
36
2523
16
121716082
2471
20774121
4
12
78568
258
107
27
63
25325
1814668
11
892
7296
2547
242667403
12
1425
333
10987
4
687352
5034
478
5780
295
216
30
157
498
4
15598
15868319
11152
50457227
384
2
2
13350
4
2
18850
1816
2511
48
317
891237
152
8024
1808
23570296
246515
207
16
3
5480
23686
25955070
419
543
1468
1145
164
2724207294
12
4
245079
3522
6265
1451
40117
2383
312
75
22
917
674718
39153
2740
914
3
8470
2185
628
153
8791
2425
332
464
965
192
242
115043716
4343325
256501
43730603
66566
3763
29
1
626
1
1
164
35
3
51
146949
1497
338813973
46045
501
39
1665
1665
2818328
30
110
9
1
4427
6687
15
175
2613
126724
126618
287
86384
9
6437
619
1202
6540
11
250894
583
2653
18
25
349
241
42
5762
1986
2
6
7873
864
1
33061
180734
191
298
533
1577406
70228
23425
15705
6496
263
46
4
1
98723
286164662
2
3168
1
579216
273
13
43
208629
652
3
93841
117732
914
3470019
1009
28
385
4
68535
2931
1766
1119
90890
442
21
2914
25
3569
225
2821
652
6047
1298
462
5476
62575
177779
96183
481
6816
323877
109980
160
977
791
864
19
784300
926
1080
460
2096
373
9011198
66
3664
2381
62
1618
3189
1378
24
95541
1278
434695
96
1381
1767
7604
22155
530
112771
1027370
63113
94401
7389
65963
