662005
172
5
3384
485
629761
339
22604004
528
89823
68
2170
2
3
348549831
2630043
802198
4
1356094
11643
328189
89
95
67894155
3
2
212
31551
508
154
125151
6155
31
1366
8963674
300
1327
3970
716
3149148
6145
253
111
310
182
320
1447312
99888
102482
114
194
2616
626
122
3
133
26
7396
9052826
472
1566
2
158719
33
13
1636
162
117
3027
312
923799
201
2
246
4
229
1366
1618260
573
309
8
44075
23764012
4118
13
1531
2
2
1011
24
232
1490
2
154871
154831
190573
771535841
1508
121
4169250
450
97457650
44
2311
437
14975
770
159752
78803
302
109848192
30332020
203855
2
15
1494
19429
2
2
7762
378
3273393
560
442
185987
132762
4
180
3
1797
650
184
509
1998303
2
44
395939
3
20
5632
3
1047
20634
695
18203
1706
271
66547
1164758
1164758
3476973
7178
10121
