0
604855092
397893111
1
605626659
397893111
8
605243417
396774904
3
605243417
397893111
0
605626659
397893111
0
605626659
396715405
179
604855092
396715405
0
604855092
396715405
1
605243417
397893111
0
604855092
396715405
0
605626659
396715405
0
605243417
396715405
0
604855092
396715405
1
586985236
396715405
0
604855092
397893111
111
605626659
396774904
177
604855092
396715405
3
604855092
396774904
5
605626659
396774904
0
604855092
396715405
798
604855092
396774904
9
605243417
396715405
2
605243417
397893111
0
604855092
397893111
15
605243417
397893111
0
604855092
396774904
69
604855092
397893111
31
604855092
396774904
30
604855092
397893111
0
605243417
396774904
5
605626659
397893111
2
605243417
396781386
11
604855092
396781386
8
605626659
397893111
1
605626659
396781386
0
604855092
397893111
0
605626659
397893111
0
604855092
397893111
0
605243417
396781386
0
605243417
396781386
0
604855092
397893111
0
605626659
396781386
1
605243417
397893111
0
604855092
397893111
0
605243417
397893111
0
604855092
397893111
0
605243417
396781386
0
604855092
396774904
0
604855092
396781386
0
605626659
397893111
0
605621653
397893111
0
605621653
397893111
1
605621653
396774904
0
604855092
396774904
0
605626659
396774904
0
605621653
397893111
