1
68370927
66351936
0
70423559
66351936
0
67739161
66416298
0
70423559
66416298
0
67739161
66416298
1
68370927
66416298
0
70423559
63158667
0
70423559
66416298
0
70423559
66351936
0
67739161
63158667
0
67739161
66416298
0
68370927
66416298
0
67739161
66351936
0
67739161
66351936
27
70423559
63158667
0
70423559
66351936
9
67739161
66416298
0
70423559
66416298
0
70423559
66416298
42
68370927
66351936
4
70423559
66416298
0
70423559
66416298
0
68370927
66351936
0
70423559
66351936
0
70423559
66351936
0
67739161
66416298
0
68370927
66351936
0
70423559
66416298
0
70423559
66416298
15
67739161
66351936
0
67739161
66351936
0
67739161
66351936
0
70423559
63158667
0
67739161
63158667
0
67739161
63158667
0
70423559
63158667
0
68370927
63158667
0
70423559
66351936
0
67739161
66416298
0
67739161
66351936
0
68370927
66351936
0
70423559
66351936
0
67739161
66416298
0
70423559
66416298
0
70423559
63158667
0
67739161
66416298
0
67739161
66416298
0
67739161
66351936
0
67739161
66416298
0
70423559
63158667
0
67739161
63158667
0
70423559
66416298
0
68370927
66351936
0
68370927
66351936
