1
5293260311
200060778
0
5295513967
200114061
1
5295513967
200123014
0
5295499041
200114061
0
5295513967
200114061
0
5295499041
200123014
11
5295499041
200123014
0
5295513967
200114061
0
5293260311
200123014
0
5295499041
200123014
0
5295513967
200060778
0
5295513967
200123014
0
5295499041
200114061
0
5295513967
200123014
0
5293260311
200114061
29
5295513967
200123014
0
5293260311
200123014
1
5293260311
200114061
0
5295499041
200114061
10
5295499041
200114061
0
5293260311
200123014
0
5295499041
200060778
0
5295499041
200060778
0
5293260311
200114061
0
5295499041
200060778
0
5295499041
200123014
0
5295513967
200123014
0
5295499041
200114061
0
5295499041
200123014
0
5295499041
200114061
2
5295513967
200123014
0
5293260311
200123014
1
5293260311
200114061
0
5295499041
200114061
0
5295513967
200114061
0
5295513967
200123014
0
5295513967
200060778
0
5293260311
200060778
0
5293260311
200123014
0
5295513967
200123014
0
5295499041
200060778
0
5295499041
200114061
0
5295513967
200123014
0
5295499041
200060778
0
5293260306
200123014
0
5295513967
200114061
0
5295499041
200123014
0
5293260306
200114061
0
5295499041
200060778
0
5295499041
200123014
0
5293260306
200123014
0
5295499041
200123014
0
5295513967
200060778
