49
3230504932
16514966
0
3227957837
16509716
0
3230504932
16509716
0
3230504932
16509716
0
3230504932
16514966
0
3230504932
16509716
0
3227957837
16509716
510
3227277117
16509716
0
3227957837
16514966
0
3230504932
16509716
0
3227277117
14392699
0
3227957837
14392699
0
3230504932
16514966
0
3227957837
16509716
0
3230504932
16514966
0
3227957837
14392699
21
3227277117
16509716
0
3227957837
16514966
0
3227277117
16514966
9
3227957837
16514966
0
3227277117
16509716
567
3227957837
14392699
1
3227957837
16509716
0
3227957837
14392699
0
3227277117
16509716
0
3230504932
16509716
10
3230504932
14392699
0
3230504932
16514966
0
3227277117
16514966
369
3227277117
14392699
26
3227957837
16509716
0
3230504932
16509716
1
3230504932
16514966
1
3227957837
16514966
0
3227277117
16509716
0
3227957837
14392699
0
3230504932
16514966
0
3227957837
16514966
0
3227277117
16509716
0
3230604190
16514966
0
3227277117
16514966
0
3230604190
16514966
0
3227957837
16514966
0
3230604190
16514966
0
3227277117
14392699
0
3227440522
16514966
0
3227957837
16509716
0
3227440522
16509716
0
3230604190
16509716
0
3227440522
14392699
0
3227957837
16509716
0
3227957837
14392699
0
3227440522
16514966
0
3227440522
14392699
0
3227440522
16509716
0
3230604190
16514966
0
3227440522
16514966
