0
65534539
582008425
0
65534539
582434301
0
64777736
582008425
1
65534539
582434301
145
65541269
582434301
22
65534539
582458677
0
64777736
582434301
1
65541269
582458677
0
65541269
582008425
0
65534539
582434301
0
65534539
582458677
0
64777736
582458677
18
64777736
582008425
0
65541269
582434301
0
65541269
582458677
1
65534539
582434301
101
65541269
582434301
5
64777736
582008425
0
65541269
582008425
0
65534539
582458677
0
65534539
582458677
130
65541269
582434301
4
65541269
582458677
0
65541269
582008425
0
65534539
582458677
0
65534539
582008425
0
65534539
582008425
1
64777736
582008425
347
64777736
582008425
1
65534539
582458677
0
65541269
582434301
0
64777736
582458677
0
65541269
582434301
0
64777736
582434301
0
65534539
582458677
0
65534539
582434301
0
65534539
582458677
0
65534539
582008425
0
65541269
582008425
0
65534539
582008425
0
65534539
582008425
0
65534539
582434301
0
64777736
582008425
0
65534539
582458677
0
65541269
582008425
0
65541269
582434301
0
65541269
582458677
0
64777736
582008425
0
65541269
582008425
0
65534539
582458677
