1
51558684
775996
432
1751190340
15857703
171
1055762276
800067644
10694
51558684
14698504
502
3250450821
64036144
117494
6955165
2671096937
1273
5423989349
1686261399
747343
1686261399
3313196785
32
36999968
557997
2037648
128263753
1693964239
207
1696260394
49899058
2518309
479769807
2958619305
1
9908565
2121009
381
14698504
2793231721
73194
1453940207
2125067240
11046
40742357
2802585383
84040
381072814
1041747005
79
76862519
4645070925
837
1750133869
314329523
2873
295584601
39697562
286
563964231
347557632
90
3272139905
764701342
26610
26337887
1265574600
26610
26619166
2733888728
3068
8331770520
851576925
541
522760
184773632
1814657
1364108362
156338256
6
181303
555326
7
180298746
349780212
69485
2142888269
1472473850
156
1289448933
167932171
2
813216368
13841919
48208
1751190340
320473721
657
635562058
9496759
600
9493810
3127133870
25210
1750133869
86505934
573
2139704963
6736
904
49899058
3313196902
19
14743605
102046098
5059
9493806
2787642412
1229
285868506
3722933
220
8328734
3780486972
391
2877740150
582458709
203997
2939476614
18451679
2283754
437804719
779054690
520
32154230
2942270
1382
19922494
238612641
839
520574138
1544359
120
15502943
42395201
23535
393222807
786770353
52029
1684030300
7967476
3260
169714087
28560376
1836471
1363443962
156368258
35348
402715410
184772825
2933
1404334445
43893304
47
2820339482
16324676
223
16327565
4323586
193
12607773
79724867
14
13089694
205592
40
3528016
118581336
22
8092304
49758877
2518309
483448473
2958619305
1374
377035332
673146
526
5886329556
8658915
121639
320473721
729402645
317345
558499588
2603213065
7
3951271
1052
5792
1929392719
1995782
551
1989525
122941781
14
8092421
418023828
677
416680872
2727077881
676
416680872
4420378601
265922
97860438
2530591731
31344
2377947296
2530591731
119
8727363
13993237
132481
41552024
3037913309
4397010
429537694
630451668
2376
2284151837
256717390
6085
24030342
2820339482
8960823
64964794
1119694
22304288
285880840
4
3698369
16315
226
165623682
112512492
219
16395653
229764954
780
392389042
4415313
2642962
1898015122
63188996
451
100335738
184772825
28012
40996343
851582975
34
2141738969
13047
142
302192
392451078
14637
802068876
237650978
105455
163166858
184773632
4
13089694
409886
8
122941781
393778
232
8785403
2185229
13488
3598091
834099955
560
33128176
122934028
518
44031698
3266183
1455
29748834
2750439742
390
676613290
4645070925
179
65367025
51604118
2147
32650067
4414718
2406
3645811730
36842079
215966
209156919
28347640
1303
49467209
3913936704
481
3926708701
49714419
64488
2050505348
137472362
271445213
973683130
4011271650
22013920
2167512529
1659418653
4
30464942
341266
59857845
1683002519
117046611
259
6071990
1572189
133
786770305
3507832
1773
9942761
3652145323
271
2877976519
257179115
162
32389105
1934384421
353
527307
3645510177
4
210795597
314
1947
85616305
4705524905
1015173
310318024
40996343
263297082
1278631464
2298
263101
1777344
54
4491297829
516636531
114
97860438
282976355
1289
758607354
831788695
1291
26254706
4505842337
4
12259770
21898
421
228164256
14623031
2518889
480186424
2958471282
1567
26681797
36318713
10
92254109
13003
2660
112666318
69925496
1814655
1369973882
147457106
3415
128262579
45405220
33356978
1002499048
2603205572
927
1204545843
169953661
51
164541380
23968465
238
529239626
9493808
13414274
71615198
1592834706
124478
3347986
648936174
2518889
480186424
2958471282
1027858
310318024
43777349
90525
253437110
865588
850
1611959980
353439978
484455
5568909019
4645217728
382
35759536
122087639
356825
315395404
648936174
343
26251790
457782035
782639
466656646
42236569
16156
8783594
347520219
495039
802068876
200742442
1446512
802068876
19375023
403
19375023
5136833
18731880
210900506
796691380
18607
1931475992
45970714
2899
3802367358
3377161
2899
2537718198
3371324
2
40037445
342785785
667269
344841049
14859448149
720
1279357
4645217728
1
86993280
2856
3
12058289
55712222
1423
464421450
639858732
775
116031733
634045260
9524181
315395404
3253891738
1713
100756335
3778021700
15915
202680900
634045260
2657
77429962
6302536
20258
6297585
4269697134
12708
67790503
434070
474
15422437
6695811573
179323
347905936
3652145323
495039
802068876
200733558
30
4450033
347905936
1445866
802068876
19375023
31
29748826
437607914
25785
437607914
361000749
50
1761548
304715
187
12624814
4645070871
24176
2958619305
243039277
180
447730815
1671378
48746
564884594
644309
18
6366316
237877766
2519027
480205654
2958790601
56843
2958471282
1611959980
33399
81294344
127521723
631
51558713
8318485517
304
19741579
5824576
9
645341
35351834
6876987
16095676
104778
1744770626
92230815
175
3120442348
7545423
123565
25058511
1570690019
336
213795470
31862324
91034
72925724
347905936
676493
775549888
835778449
196
831309620
1041746997
17596
5858207923
39472704
543
2358385326
392275957
7344
27415651
645341
181406
1486934004
272919880
417084
954191768
51558713
19873
51558014
401116038
5
204080840
36088318
19
13981875
82678686
612708
82676613
2958471282
210791
4383177494
45419
307159
224461409
4502569032
1200
1613442879
368148676
55
16395235
9203526
7652
9203526
3329412590
49778284
1864996280
1113638575
752
1771020085
437804725
192
85355394
1671378
198
26528872
3242132345
95
43857287
1646059
10824
466318930
4276396850
472
234937309
3904683503
30247
98754648
70799527
2688
5886329905
17603441
19
14623031
9496757
305419
9918691935
591955557
446
235008731
14080461
9
1001636
9232146800
795
378169047
3238099888
2031
435637225
9493808
995
285507109
624841
91939
6695811573
307
8328730
8318485517
72429
51558713
2801327836
8086
1453940205
14080461
7
47401254
208959
1100931
2727854846
1120072
181536744
2519027
483448468
2958471282
32892
56995089
209826662
10716209
3953956064
189621156
2518889
479769804
2958619305
8599
353516373
1340993
6
51929047
4058
1554
54961282
8331770845
382
129473
3431699593
42348
168092603
5176977
238
4865145
13035797
6
333414929
68410
6
68335
63388114
182
9372604
555326
460
99378159
184773629
159
993069
43681869
27
43681462
9650
12
3568849
354305884
511
673146
352900571
1793639
2958471282
3953956064
256
817207154
2723934785
256
817564801
4011287049
2518889
483448468
2958790601
27
43681462
9650
32
3568849
2723934785
32
3568421
2674348148
2519027
483448468
2958471282
1852078
1037227683
2570590294
693
498502910
2802584263
2314
1251938
93
6939284
8318485517
95283164
4060917842
1512322756
3958
2358385326
27415651
29
5423575341
27343804
25
2958619293
35398518
2519027
483448468
2958790601
123601321
1023844379
1885629974
610963
21669533
4038256567
16953223
1800587661
1500077810
154
76883756
121476847
257
1071586674
138146722
46
17029162
10944511
59
9092848
7820022655
15780
51929047
634045260
1278
14080461
14617156
127904
56748891
152811105
104637
1744770626
92254109
1509
27343804
2568631
4655912
43670502
1177200032
195
1177649334
9291001
36450
1744770626
51929047
408358
1317980386
853916554
493
9002010
2694021270
67
9013417
256108543
20747
917294995
127521723
187
9493808
15495551
44146
91295300
243561708
12187
4817736
347905936
676493
806589800
831365336
1814404
1364108361
156338219
849
41241733
590556070
2213
1444066127
797015037
298
204081098
500395
61079
435700258
92254109
385
7539294
2877866707
7
6384869075
185919678
915383
350817046
112042698
730
57609064
6062763
1642
71875152
6854049
9060761
1173742086
213855185
46485
215458047
8332411310
58271
163166860
156851935
160
36534311
3505562425
126
36534311
1002414
3415906
2326112608
97881073
22
97881073
4174
5342
66253541
3935342233
20585
27022193
4267084452
17272
851582947
217143549
8606
41009369
18389996
1739119
18386334
516356869
12233533
210772442
71875153
482957
1381716186
30457035
683
30464942
110759830
340
44287946
8201519
957
38590840
68704863
335
852477600
43699799
7
14426548
581764
355
5568866823
636725419
167
2816684634
345667349
21745775
1109157262
49042854
16962858
49169571
3505562425
27599
49254661
2750439742
71952
2958471282
243159289
136
88924063
194182035
20
23013556
1123073458
83
338698044
39379201
20819185
128263749
2124745719
1973
99378159
2816684634
19305786
102021717
338411928
675
135704145
305224568
752
1937312442
40380938
26143
105022775
4505842323
216
23146226
372066874
7428
106958232
8178575
39
135759866
635920929
57427
42851180
1178505114
16
8245401
22168
452
665825577
217495272
1216
400799114
184773640
740
56355317
2608380495
284
33578846
4239614
75
573846269
636650537
61736
299449379
151207767
85
1153100448
30800105
19580
91911668
40380938
17
24038
5206401
1174663
1885629769
3712712719
45
247281935
3038674
312
17564815
63932440
1184886
135149047
10931664738
517
581805937
70964199
733
102194527
13172540
57
188497527
533534
92397
576055238
84323
712065923
556158054
39754089
2031088487
1680134405
208
7380696005
7549769
111
132188
3935341964
927
46354757
372675507
1626
798801900
103233803
37
9629670
4502569032
237874
141197239
3327977895
6
5709516
509165
248
11459050
9830822
573
2530910974
12773332
53269
2072912
2485157545
63951
713887783
243159288
9831
243561709
1314994
5
2441764
219051
155
86184
12897232
7923
806105344
65645101
990
2902064195
38779098
986
110941496
38519838
199
30464942
61890866
1035
12976459
44812553
51
27690282
104382912
5
3326048
1920
19553
1258976990
3926028
4
2008640808
25566198
1917
81109327
297840892
539
502510408
2086930
419
13778749
2124745719
743
96182151
18412300
475
15900403
185218080
14
19893750
61158944
3542
163681721
36956229
153
255674359
90604136
293
1674059226
63939023
36767
63932440
2141533957
380
2141738979
6426118
21827
617225268
326402050
1924
332169818
1032465123
844668
851442124
66187112
1807
112284176
4031234
1503
5973300
155554576
229
10506434
4342863508
182996
774094658
1675844275
942
1387097
71177152
200
2665363
94617
250139
3107030527
3353807
1201
60108147
7549769
195
30470509
15196720
2282
2025571657
2165284899
57155
207961332
26292866
59
29057521
51235
109012040
477233666
238
7521933
51319020
131
52924495
84197745
610
229271959
119474911
366
886451
2727080664
362
886451
4420783492
49086
88924063
1265574600
233523
2731466292
305080062
248659
95875105
54421585
233
54607405
621731266
110597078
161425731
132269
401116037
14
41011191
104382912
326
1674041867
1264212466
81969
14015945218
304330395
210
304322919
176191171
327
2124880020
4505842323
237874
141202080
3281534712
2517
3239209340
555819404
4
664991
159878
200
1128660830
1389831
84663
662387913
19749941368
226051934
3505562425
19749941368
349
119474911
2661793
1392
2664352
28447041
344
28616341
76915932
832
5469621955
76909531
5
43598046
60842967
214
60438821
2802584263
13
2380823
48163979
1993
996667430
130111
4
3779737325
52724
115739
1443515966
2674347970
36
1443515966
811621197
2523
954191769
8763473
16
4342863500
770
121878579
1871047349
1176119553
2471
326537826
9579906
20646118
102223390
1612829004
4
1592834586
51104
12
1674072615
59070820
78568
96182151
437607912
258
437607912
930820
107
2024017200
437607912
27
442169834
110127409
63
6842
8668660
25326
806105344
59905730
1814657
1369973880
147457110
10
157569859
16991058
892
20378081
3935343273
7293
1364108361
217160149
2538
1751084060
4899303
242667473
86969267
2124745719
12
510551
2802584263
1425
244382350
2802584263
333
4501973
89276059
10992
89270318
70191447
4
33652219
51235
687367
4941347002
49941919
5034
2661793
3253891717
478
1057742540
368223038
5780
548961065
192237707
292
4972263
4053004284
216
9093767
455703
34
2839039
734915
157
9094672
639858737
494
5568909019
5801933
4
56088781
15868
15521
42237396
12818345
16002077
13188895
89276059
11162
89270318
4435447
50637855
82058556
4010111208
384
6386359351
586891
2
586571
714467848
2
3417583
333011
14057
263250286
189432047
4
73755055
313167
2
8872647
4734204
18850
4783680
115732266
1816
115738930
2750439742
2511
22627456
2329601678
48
18096389
35694853
317
263239422
2279336302
891245
105196473
3953954330
152
6383585391
18654718
8028
1688035074
2131877615
1808
779054596
81635837
23526357
210900506
2816684634
246139
81304461
124548228
205
30425611
1013615051
16
3016308401
12721459
3
3858725
13445611
5480
13445611
676613275
23643
60782949
4276396869
25955071
227172090
2802585393
420
358338763
2729816
542
530126209
764702633
1468
464963
1144
121772073
3291783221
164
6651412776
206465378
2740632214
1786617947
12
22735331
2329601678
4
2940132
20713646
246303
7329623
3290864981
3530
66856133
519157079
6255
454240272
145103051
1419
13685721
3505569289
40117
13771852
514903727
2384
390108930
60273491
311
861513366
15741509
75
1406679014
422020387
27
761994428
2068661
910
1503899431
746766211
674765
1885629068
25509140
39156
10105344
223796162
2755
222788786
4390128
914
1503899431
748218559
3
69293234
80965
8470
9383151
64699808
2120
30970744
175773172
628
5488642
203436614
153
46821737
748218559
8799
189156660
26422232
2425
581325937
16530749
326
5750808
774549188
464
366911970
84828719
964
1057742540
19353356
191
70191447
243011171
242
1990086569
628795953
115043690
2139702098
7490133475
4342743
1057742540
2793228673
256908
3464094619
2801329131
43730593
136040479
11725002829
66623
396975193
777448131
3763
14864203
207292933
29
10286767
32997
1
4404999
2910
631
30129446
11025228996
1
110472024
4
1
19261223
486021
40
30129446
1715796466
35
101216284
296163573
3
3898658
1342406
50
462279440
3926035
146910
32470459
4645726283
1499
1990086569
4420176949
338814009
515319828
2125064605
46045
1930503217
128756222
501
121700659
1920104455
39
448441001
61701971
1665
590687651
6325274815
1665
590687651
4420791247
2818331
26251781
30
9197380
502082241
110
1994848043
6607359
8
24881748
73148132
1
1946923180
38
4427
20164796
1130181
6887
88924063
79980536
15
7418570
173934331
175
181802978
38734713
2608
1128915
19954217
126724
23579176
2729680960
126585
24033838
4038254056
287
2958471268
468049018
83987
102153576
25779802
9
545
6436
51848807
135177964
619
1886340794
1098239
1202
1128915
3189980
6543
437460718
851442116
11
480159148
4073247
250655
1508920749
1751397489
583
61475354
4390128
2653
86209636
416242463
18
93490473
11005112
25
12687432
1326508962
349
8460974
213606833
241
274304751
3775560252
39
15177842
5147050
5762
2603210581
237615151
1988
44414342
2
61262241
56167949
6
56020478
2348234
7873
27866632
1174699314
863
20117571
244043192
1
4153067
3443
33110
83041650
3725946913
166758
83041650
4315026350
191
1188457861
499496517
298
18036198
3450877964
533
27248167
23024707
1577414
38271498
4038254056
70229
6383585391
4374392520
26234
1381716152
32665196
15704
32665196
14426816
6482
162612713
6664202279
263
24456274
1342489
46
69342211
81902
4
14866289
618861590
1
7130071
7749228
98583
1865569141
1158036726
285557937
1800587501
1155222650
2
20558693
280322
3168
52189467
227115501
1
69293234
3590
579216
1053251511
779054596
273
79850809
10623629
13
68072026
47259
43
1000850
8654107
208631
1930503212
88446410
653
112485421
42995678
3
17132823
1026337
93796
518648017
177327639
115328
2427574741
704423553
914
704423553
1615740223
3470022
1613615009
855744551
1009
75606724
848911335
28
685522823
358338231
385
1183018676
28785632
4
1089415
7419573
68536
102285274
1601142720
2940
1789676588
558499591
1767
360600702
2230196856
1118
1673660696
145103049
90889
127889852
2440752085
442
2876093995
110445374
21
11375994
258241750
2916
22939952
38532327
18
38677793
13684887
3568
2022809769
258241750
225
10745393
349917624
2807
420216913
353507680
653
761905869
4422486606
6047
22627457
35761366
1295
25546575
111048961
462
12404780
64586885
5488
64617955
420216913
67585
56750891
865310553
177779
18519784
9984775
96193
316043397
1041746973
481
42492980
26033211
6783
62492463
323880
189156660
2874520491
110119
2874520491
243315177
160
996364900
1041746973
977
823392231
33652208
791
596553412
648925497
866
648936160
349913089
19
576053359
8639591
784300
1696259840
1092492657
926
1094121656
13685519
1080
3111239017
180319146
460
181128745
87529738
2096
16510830
334749381
373
334302095
650821
9011197
1886340794
55219294
70
77891050
81969275
3669
625818243
1363205332
2381
363565677
3194449062
31
375559308
1064217985
1767
208537224
387643968
3189
383410963
64599604
1378
208537224
64586885
24
64617955
6884385
95518
73532529
1094121656
1279
1094121656
4516064
434696
71867528
407703756
99
407703756
270258
1380
110271192
2820339481
1767
208537224
386786232
7604
127163065
26594946
22157
50184309
1614643390
530
122735961
1527812395
112764
27303273
934415344
1027372
930441009
19749941356
63050
1405030330
56748891
94546
31447245
17660
7389
103435385
25120160
65962
164205544
111545375
