7
21185767
106572
20819183
128262581
2128365000
82042
97515201
649411591
3721
2607406569
7797618
141095
1369973871
229936367
9
1748852616
96192511
195
411255242
12174148
9972
358778266
32146113
9886
970269851
229963250
308
92012519
1044981085
610
421376988
1688040261
417
590379068
2024692
1164753
3284131452
3273427359
1164753
989743458
3273427359
100932
2142890682
95183303
314
90963381
36021930
22647
326321409
711801725
81
613348571
1847805951
260
6648837261
8536872
64
31111404
61370152
294
18900340
17514498
273
1471701
2958471265
278
865127409
342243529
1
384125084
1896419
79
11684980
69259288
2942
1132871156
4458290
207
599794074
2023713
896
834095570
2276100531
415
35157034
96114732
