14418491
723139151
22240146
1286413270
2113084017
8273
1422723
4306883367
923
198080228
27603354
194
31978509
75511103
160
493868823
243561018
254278032
1949096644
393574753
24729
4250646
268827147
173
112274928
21016589
454
1564140407
283407109
2112
2655239350
95988297
46962
58458894
5353628074
310
3016308408
123871682
12409
1177428483
1040061550
2620
104975232
4370413931
44917
117171925
110905664
170
329755
241590745
6500126
28466241
11544055629
872
120704559
46980977
15837
3798289136
44965961
805
2028906558
515995648
77301
8259318888
96230441
127438325
1929392696
2113084017
168105
3327977756
5353628074
95183
817207258
3038581
1221946
244304770
244304770
3055
1808380136
288399663
222014
27374532
1542
1406679017
287782898
429
88980151
27374532
