1448
1227405785
1612828978
22535
70022999
122034596
10
1808242666
52563711
24215
89644656
216013175
735
216013175
622529262
13298
123704928
4432900709
13245
115313331
6651412761
22121503
150002097
2962
29332676
507354009
874
5063218
3933996242
116728821
3933996242
3254703671
12020054
95875105
4052558827
6409
4013565
20899391653
1097204
20894008377
78242585
4252
14943227
462800111
61488
4011285649
462800111
580
380777006
143606897
10
23687051
405292
1335
737237879
340246150
143
994722240
608519435
27
32590500
14381909
399
342991372
18944151
270
19197792
1769520957
334656
3477578691
2141738962
321
2141738962
252971804
892
256088252
608172317
225
27359059
319292076
828
1285787591
1614643380
20384
1181063422
1871142624
192212
81846705
2608419440
23865
440374164
1538281160
36016
94513260
149034493
8212
33955223
3291784988
386
2877866685
19189242
928
2124748643
2279336285
43
917294993
14943227
6371
1990086566
149034493
