662004
2638889772
2820339502
172
1373773072
1828910126
8
1828910391
590135893
3389
274475126
1481046106
486
480788191
62283713
629762
4491297843
1063460628
339
43479862
709454483
22580036
1671148610
7220411219
527
191084039
35883409
89824
631841718
708650604
68
29251802
293666500
2167
112145982
2816684676
2
17075817
4353981
3
264329292
1853188
330658621
338886148
2118772628
2631811
4538953
4038260727
802189
3014245952
207780
4
102079743
473307
1356103
2030601956
155675790
11636
3450877194
7729136
328188
207961331
2871205415
89
376436653
1884837482
95
68701701
54915090
67874284
3909135971
2787645665
3
54915090
226225087
2
835346583
1071104172
213
242872626
54515
31545
1886457685
18319723
504
4276396859
145233801
154
1978202
7220411219
129996
139730257
3651403068
6155
154033774
135722698
31
144911762
1085403
1365
154949930
555394186
8963447
81294343
2874514428
300
266699
246151137
1301
591678099
982230
3970
4941339270
15450261
734
4582049735
417531273
3150254
3491334551
1002498891
6145
1002978919
2537718818
253
6529889822
16873532
111
16885204
1441744600
309
3016308372
2848894
182
596972255
153606479
320
117277397
139150237
1447315
3076303291
2050505352
99887
6683724116
13317813
99864
989820619
359875686
115
136884
768848
193
8377605
20899391763
2616
4742816
3014245952
626
4742816
3349243710
122
15760301
1649611471
3
14146763
2491629
133
46121917
36976487
26
1808380129
1527
7395
918040791
3802366378
9052826
967232537
2201282585
472
265020
3566356807
1564
800269089
3909135093
2
3970316
4669478
158554
217669270
480123302
33
36245722
73695722
13
3455635
43320440
1636
112084621
4381624398
160
4381624398
739313494
119
257468431
1146032
3038
102818161
3477583560
312
3491334543
687106
923798
2606867999
3926709624
199
5188548
20481876
2
20481876
754441
246
21764088
53600240
4
3156551966
5359
229
89642672
10455563
1367
35994730
3079463465
1618262
167827547
36463415
573
67019900
6683724116
309
2877740150
873030127
8
1510138
1769520865
45789
1064068064
259603695
23765712
2603213065
3076303291
4114
67019900
2876093965
13
67025828
2628370
1531
26173974
315371143
2
7314998
67
2
24955076
15904058
1011
2603213065
480123302
24
479966484
6711311
232
37989184
2294329
1490
154033774
1109180366
2
20690707
2026965985
154832
6683724116
326401
154872
987680967
1769520986
190810
32955444
77596750
771099187
889107418
1508
709401986
143138423
121
255901
3493346886
4174296
3156551966
711815096
450
97107341
3305450408
97457641
6324296908
3450877194
44
242872626
323
2311
1885630908
169559436
439
4381624398
112342864
14910
6623499
77432128
770
995641707
1202209559
159732
495342523
3349243710
78672
22232872
302
10940203
3450877194
110151501
6648837422
3617495397
32424459
1099685748
1870688282
203743
1870688282
590135893
2
5823622
578
12
284523
35868064
1499
19598596
1068227687
19396
45647425
4011271650
2
5299755162
118
2
118
101214623
7766
3842977283
27681060
377
27681160
5299755162
3273399
6386359560
241242207
561
3617495397
363565677
442
3272526944
394713378
186001
948945739
939134495
129161
515274667
212917325
4
212337437
132985
180
18265538
1202740755
3
117178684
327811513
1797
451960698
6347662
650
78664741
264832653
183
63023012
638348
509
6237504
152245711
1998400
2024016211
1101049347
2
2871205403
2959818
44
27677834
11725002611
395243
2805832166
3156551966
3
865402024
2606
20
832124711
5798899
5665
3079463465
38541577
3
5626472
450254115
1047
5769263
4053004233
20634
2608383052
37063852
698
37063852
151207768
18255
29539641
3076303396
1705
33121497
7626430
271
17112131
18273747
66546
11205596
1264202912
1164752
3249048862
3273427372
1205545
987173462
3277388605
3476455
675460172
2608381783
7178
14769895
24311929
10121
3343389
2935162709
