0
58458893
582238778
12
58859319
582434301
0
58458893
581974077
0
58465023
581974077
14
58458893
582238778
1
58465023
581974077
1
58458893
581974077
0
58458893
582238778
0
58465023
582238778
0
58458893
582238778
1
58465023
582238778
8
58465023
582434301
3
58859319
582434301
0
58458893
581974077
1
58465023
582238778
107
58465023
582238778
36
58465023
582434301
0
58465023
581974077
0
58458893
582434301
0
58458893
581974077
10
58859319
582238778
1
58465023
582434301
0
58859319
581974077
0
58859319
581974077
0
58859319
581974077
229
58465023
581974077
1
58465023
581974077
2
58458893
582238778
984
58458893
582434301
30
58465023
581974077
5
58859319
582434301
0
58859319
581974077
0
58465023
582458677
0
58465023
581974077
0
58458893
581974077
0
58458893
582434301
0
58859319
582434301
0
58458893
581974077
0
58458893
582434301
0
58859319
582434301
0
58458893
581974077
0
58465023
581974077
0
58465023
582458677
0
58458893
582458677
0
58859319
582458677
0
58458893
582008425
0
58859319
582434301
0
58465023
582458677
0
58465023
582008425
4
58465023
582434301
0
58859319
582434301
0
58458893
582458677
0
58859319
582458677
0
58859319
582008425
