0
65059031
1693536359
0
65059031
1694370045
0
65059031
1694370045
0
65059031
1693879432
0
65090783
1693879432
0
65089903
1693879432
2
65059031
1693536359
0
65059031
1694370045
0
65090783
1694370045
0
65059031
1693879432
0
65089903
1694370045
0
65059031
1694370045
2
65090783
1694370045
285
65089903
1694370045
4
65089903
1694370045
0
65090783
1693536359
0
65090783
1693879432
0
65059031
1694370045
34
65059031
1693879432
3
65090783
1693536359
0
65089903
1694370045
0
65059031
1693879432
0
65090783
1694370045
1
65059031
1693536359
0
65059031
1693879432
0
65090783
1693536359
0
65059031
1693536359
0
65089903
1693879432
0
65059031
1693879432
0
65059031
1693536359
0
65059031
1693536359
7
65090783
1694370045
0
65089903
1693879432
0
65059031
1693879432
0
65089903
1694094276
0
65089903
1693879432
1
65089903
1693536359
2
65059031
1694370045
0
65089903
1694370045
1
65059031
1693536359
0
65089903
1693536359
0
65059031
1694370045
1
65090783
1694370045
0
65059031
1693998405
0
65090783
1694492076
0
65059031
1693536359
0
65090783
1694492076
0
65089903
1694492076
0
65089903
1694492076
