1
235012353
1983203358
54
234990015
1970901685
0
234937940
1985121336
1
234937940
1983203358
0
234937940
1970901685
5
234937940
1983203358
6
234990015
1983203358
150
234990015
1983203358
0
234937940
1985121336
1
234937940
1983203358
1
234937940
1983203358
0
234990015
1983203358
3
234937940
1983203358
1
234937940
1970901685
116
234937940
1985121336
0
234937940
1985121336
0
234990015
1983203358
0
234990015
1970901685
22
235012353
1985121336
81
234937940
1983203358
1
235012353
1970901685
6
234937940
1970901685
0
234937940
1970901685
0
235012353
1970901685
0
234990015
1985121336
104
234990015
1983203358
5
234990015
1985121336
0
234937940
1983203358
0
234937940
1983203358
2
234990015
1985121336
1
235012353
1983203358
1
235012353
1983203358
1
235012353
1983203358
0
234990015
1985121336
0
234990015
1985121336
0
235012353
1970901685
0
234990015
1985121336
0
234937940
1983203358
1
235012353
1985121336
0
234937940
1970901685
0
235012353
1983203358
0
234990015
1970901685
0
235012353
1983203358
0
234937940
1985121336
0
234990015
1985121336
0
235012353
1970901685
0
234990015
1970901685
0
235012353
1983203358
0
234990015
1985121336
0
234990015
1983203358
0
235012353
1983203358
