4
51591458
771787200
0
51597237
774549921
1
51597237
774549921
32
51145747
771787200
1
51597237
771787200
0
51597237
774549921
1
51591458
774549921
1
51591458
774549921
0
51597237
771787200
4
51591458
757298867
0
51591458
757298867
0
51591458
774549921
0
51145747
757298867
0
51597237
771787200
1
51145747
771787200
11
51145747
757298867
1
51591458
757298867
0
51591458
771787200
1
51597237
771787200
3
51145747
771787200
0
51145747
757298867
0
51591458
774549921
0
51145747
774549921
2
51145747
757298867
1
51597237
774549921
9
51145747
757298867
29
51145747
771787200
0
51597237
757298867
0
51597237
771787200
1
51591458
771787200
0
51591458
757298867
0
51597237
771787200
0
51145747
771787200
0
51597237
771787200
0
51591458
757298867
0
51591458
757298867
0
51145747
774549921
0
51597237
774549921
0
51597237
757298867
0
51145747
757298867
0
51597237
774549921
0
51591458
774549921
0
51597237
771787200
0
51597237
757298867
0
51145747
757298867
0
51145747
757298867
0
51597237
757298867
0
51591458
757298867
0
51145747
757298867
2
51591458
771787200
