1
4144946192
861591183
1
4142312204
861591183
53
4144946192
889107413
2
4144946192
889107413
0
4148856872
798801897
1
4148856872
861591183
22
4142312204
861591183
0
4148856872
861591183
11
4144946192
889107413
1
4148856872
798801897
0
4142312204
889107413
0
4148856872
798801897
0
4142312204
798801897
36
4142312204
798801897
11
4144946192
861591183
0
4144946192
798801897
0
4142312204
889107413
7
4144946192
889107413
0
4144946192
889107413
298
4142312204
889107413
2
4148856872
861591183
14
4144946192
861591183
0
4142312204
861591183
0
4142312204
861591183
45
4148856872
798801897
0
4148856872
889107413
0
4142312204
798801897
2
4144946192
889107413
1
4144946192
861591183
111
4142312204
798801897
1
4148856872
798801897
0
4148856872
798801897
10
4148856872
798801897
0
4148856872
889107413
0
4142676130
889107413
0
4148856872
798801897
0
4142676130
861625467
0
4148856872
798801897
0
4144946192
798801897
0
4142676130
798801897
0
4142676130
798801897
0
4142676130
889107413
0
4144946192
889107413
0
4148856872
889107413
0
4148856872
861625467
0
4148856872
889107413
0
4148856872
889107413
0
4142676130
861625467
0
4148856872
861625467
